1
0.900946
0.540302
0.0609675
-0.416147
-0.792114
-0.989992
-0.954826
-0.653644
-0.0754595
0.768727
1.84593
3.10118
4.45753
5.81602
7.05574
8.03378
8.58524
8.52323
7.6389
5.70139
2.45785
-2.36652
-9.06854
-17.967
-29.4027
-43.7383
-61.3587
-82.6706
-108.103
-138.106
-173.152
-213.737
-260.377
-313.61
-373.997
-442.121
-518.587
-604.021
-699.071
-804.408
-920.725
-1048.74
-1189.18
-1342.81
-1510.41
-1692.78
-1890.75
-2105.16
-2336.89
-2586.81
-2855.85
-3144.94
-3455.04
-3787.11
-4142.18
-4521.24
-4925.36
-5355.59
-5813.03
-6298.79
-6813.99
-7359.79
-7937.37
-8547.93
-9192.68
-9872.87
-10589.8
-11344.6
-12138.8
-12973.6
-13850.4
-14770.6
-15735.4
-16746.5
-17805.2
-18912.9
-20071.2
-21281.5
-22545.5
-23864.5
-25240.3
-26674.4
-28168.4
-29723.9
-31342.7
-33026.4
-34776.7
-36595.3
-38484
-40444.5
-42478.6
-44588.3
-46775.2
-49041.2
-51388.3
-53818.3
-56333.1
-58934.8
-61625.2
